60
33
100
111
99
116
121
112
101
32
104
116
109
108
62
10
60
104
116
109
108
32
108
97
110
103
61
34
101
110
34
62
10
32
32
60
104
101
97
100
62
10
32
32
32
32
60
109
101
116
97
32
99
104
97
114
115
101
116
61
34
85
84
70
45
56
34
32
47
62
10
32
32
32
32
60
108
105
110
107
32
114
101
108
61
34
105
99
111
110
34
32
116
121
112
101
61
34
105
109
97
103
101
47
115
118
103
43
120
109
108
34
32
104
114
101
102
61
34
47
108
111
103
111
46
112
110
103
34
32
47
62
10
32
32
32
32
60
109
101
116
97
32
110
97
109
101
61
34
118
105
101
119
112
111
114
116
34
32
99
111
110
116
101
110
116
61
34
119
105
100
116
104
61
100
101
118
105
99
101
45
119
105
100
116
104
44
32
105
110
105
116
105
97
108
45
115
99
97
108
101
61
49
46
48
34
32
47
62
10
32
32
32
32
60
116
105
116
108
101
62
99
97
114
104
117
98
60
47
116
105
116
108
101
62
10
32
32
60
47
104
101
97
100
62
10
32
32
60
98
111
100
121
62
10
32
32
32
32
60
100
105
118
32
105
100
61
34
114
111
111
116
34
62
60
47
100
105
118
62
10
32
32
32
32
60
115
99
114
105
112
116
32
116
121
112
101
61
34
109
111
100
117
108
101
34
32
115
114
99
61
34
47
115
114
99
47
109
97
105
110
46
106
115
120
34
62
60
47
115
99
114
105
112
116
62
10
32
32
60
47
98
111
100
121
62
10
60
47
104
116
109
108
62
10
